0.0003783702850341797
0.00031638145446777344
0.0003383159637451172
0.0003528594970703125
0.0003261566162109375
0.0003228187561035156
0.0005393028259277344
0.0005359649658203125
0.00036072731018066406
0.0003192424774169922
0.0007243156433105469
0.00106048583984375
0.0005946159362792969
0.0009891986846923828
0.001180410385131836
0.001932382583618164
0.0005624294281005859
0.001201629638671875
0.0005729198455810547
0.0005762577056884766
0.0006377696990966797
0.0006165504455566406
0.0005483627319335938
0.001138448715209961
0.0014934539794921875
0.001140594482421875
0.0009834766387939453
0.0007555484771728516
0.0007925033569335938
0.0006554126739501953
0.0006606578826904297
0.0006549358367919922
0.0008041858673095703
0.0005505084991455078
0.0006668567657470703
0.0006191730499267578
0.0006265640258789062
0.0015368461608886719
0.0007505416870117188
0.0005083084106445312
0.0010678768157958984
0.0005424022674560547
0.0005936622619628906
0.001079559326171875
0.0005834102630615234
0.0007178783416748047
0.0008985996246337891
0.000957489013671875
0.0014472007751464844
0.0006463527679443359
0.0009839534759521484
0.08764052391052246
0.0006625652313232422
0.0006508827209472656
0.0033516883850097656
0.0009522438049316406
0.0005865097045898438
0.0005667209625244141
0.0005810260772705078
0.0009028911590576172
0.0009868144989013672
0.0012831687927246094
0.0006151199340820312
0.0006349086761474609
0.0011649131774902344
0.0005970001220703125
0.000621795654296875
0.0014531612396240234
0.0019533634185791016
0.001130819320678711
0.0005774497985839844
0.0013279914855957031
0.0005586147308349609
0.000997304916381836
0.0015914440155029297
0.0015501976013183594
0.001110076904296875
0.0013730525970458984
0.001603841781616211
0.0005710124969482422
0.0014753341674804688
0.0007741451263427734
0.0011107921600341797
0.0013875961303710938
0.0012264251708984375
0.0013234615325927734
0.0005590915679931641
0.000553131103515625
0.0020744800567626953
0.0009469985961914062
0.0010869503021240234
0.0008494853973388672
0.0012454986572265625
0.0010039806365966797
0.0010783672332763672
0.0019757747650146484
0.00147247314453125
0.0009145736694335938
0.0012514591217041016
0.0010449886322021484
0.0006253719329833984
0.0006427764892578125
0.0013453960418701172
0.0006234645843505859
0.0010292530059814453
0.0009105205535888672
0.0013763904571533203
0.0021715164184570312
0.0014743804931640625
0.0005705356597900391
0.0008392333984375
0.0008955001831054688
0.0008068084716796875
0.0005950927734375
0.0006935596466064453
0.0006434917449951172
0.0008733272552490234
0.0005972385406494141
0.0006623268127441406
0.0006673336029052734
0.0006172657012939453
0.0010526180267333984
0.001493215560913086
0.0009801387786865234
0.0006182193756103516
0.0010876655578613281
0.0005929470062255859
0.000591278076171875
0.0008165836334228516
0.0007677078247070312
0.0009489059448242188
0.0007045269012451172
0.0005476474761962891
0.0006084442138671875
0.001031637191772461
0.0006296634674072266
0.0009915828704833984
0.0006241798400878906
0.0012059211730957031
0.0007562637329101562
0.0007257461547851562
0.0008769035339355469
0.0006334781646728516
0.0010058879852294922
0.001031637191772461
0.0010671615600585938
0.0011298656463623047
0.0008726119995117188
0.0006389617919921875
0.0006308555603027344
0.0010764598846435547
0.0008814334869384766
0.0006616115570068359
0.0009243488311767578
0.001331329345703125
0.0013976097106933594
0.0014834403991699219
0.0012359619140625
0.001218557357788086
0.0009832382202148438
0.0010509490966796875
0.007431983947753906
0.0012698173522949219
0.0008547306060791016
0.000986337661743164
0.0011572837829589844
0.0013990402221679688
0.0014562606811523438
0.0009696483612060547
0.0012967586517333984
0.0014042854309082031
0.0008814334869384766
0.0015666484832763672
0.0010480880737304688
0.10549211502075195
0.0009729862213134766
0.0011820793151855469
0.0010347366333007812
0.0015039443969726562
0.001863241195678711
0.001245737075805664
0.0011129379272460938
0.0008609294891357422
0.0009038448333740234
0.0010387897491455078
0.025322437286376953
0.01254129409790039
0.0013592243194580078
0.0011844635009765625
0.0013091564178466797
0.0010952949523925781
0.0012247562408447266
0.00808405876159668
0.005047798156738281
0.0010454654693603516
0.0009968280792236328
0.0015399456024169922
0.0012309551239013672
0.0011277198791503906
0.001392364501953125
0.003488302230834961
0.0011904239654541016
0.001092672348022461
0.0013494491577148438
0.00124359130859375
0.0013031959533691406
0.0011320114135742188
0.0007669925689697266
0.0007169246673583984
0.0009210109710693359
0.0012388229370117188
0.0015430450439453125
0.0012848377227783203
0.0014417171478271484
0.0008325576782226562
0.0011661052703857422
0.0011701583862304688
0.0014851093292236328
0.0012722015380859375
0.000919342041015625
0.0011284351348876953
0.0006573200225830078
0.0010995864868164062
0.0011229515075683594
0.0006399154663085938
0.000644683837890625
0.0018074512481689453
0.0006039142608642578
0.0011725425720214844
0.018196582794189453
0.001070261001586914
0.001863241195678711
0.0009655952453613281
0.0014657974243164062
0.0008018016815185547
0.001216888427734375
0.0006666183471679688
0.0006313323974609375
0.0006365776062011719
0.0014142990112304688
0.001222848892211914
0.0012128353118896484
0.0010008811950683594
0.0010483264923095703
0.0009062290191650391
0.0015404224395751953
0.001207113265991211
0.0005714893341064453
0.018305301666259766
0.0012459754943847656
0.0005950927734375
0.0010783672332763672
0.0008561611175537109
0.0008335113525390625
0.000993967056274414
0.0011737346649169922
0.0009272098541259766
0.0009334087371826172
0.0010097026824951172
0.0012378692626953125
0.001062154769897461
0.00173187255859375
0.0012907981872558594
0.0012631416320800781
0.0009806156158447266
0.0008597373962402344
0.001020193099975586
0.0009729862213134766
0.0017511844635009766
0.0012578964233398438
0.0014386177062988281
0.0008833408355712891
0.0014848709106445312
0.0017049312591552734
0.0011568069458007812
0.003162384033203125
0.0010998249053955078
0.0012612342834472656
0.00091552734375
0.0009052753448486328
0.000850677490234375
0.0008885860443115234
0.0013089179992675781
0.0015916824340820312
0.0010406970977783203
0.0011398792266845703
0.0009710788726806641
0.0014410018920898438
0.0013802051544189453
0.001065969467163086
0.0009298324584960938
0.0008573532104492188
0.0008864402770996094
0.0006170272827148438
0.0012743473052978516
0.011148691177368164
0.0006716251373291016
0.0006072521209716797
0.0006127357482910156
0.005308389663696289
0.0011708736419677734
0.0009021759033203125
0.00124359130859375
0.0011963844299316406
0.0009000301361083984
0.0008511543273925781
