0.0003044605255126953
0.0002503395080566406
0.00025463104248046875
0.0002543926239013672
0.0002999305725097656
0.0002505779266357422
0.00025582313537597656
0.0004565715789794922
0.00025200843811035156
0.0002486705780029297
0.0002911090850830078
0.0002505779266357422
0.0003581047058105469
0.00031638145446777344
0.0002522468566894531
0.0002524852752685547
0.00025343894958496094
0.0002486705780029297
0.0002570152282714844
0.0002543926239013672
0.00027751922607421875
0.0005767345428466797
0.0002574920654296875
0.0005965232849121094
0.0007655620574951172
0.0007395744323730469
0.0002942085266113281
0.0007104873657226562
0.0002410411834716797
0.00023794174194335938
0.0004382133483886719
0.0006821155548095703
0.0005891323089599609
0.0007898807525634766
0.0010075569152832031
0.0003230571746826172
0.0007121562957763672
0.0002598762512207031
0.00054931640625
0.0009093284606933594
0.0003757476806640625
0.0003948211669921875
0.0006442070007324219
0.0007572174072265625
0.00045013427734375
0.00041794776916503906
0.0007121562957763672
0.00024890899658203125
0.0009443759918212891
0.0008931159973144531
0.00025773048400878906
0.0009484291076660156
0.0007643699645996094
0.0002484321594238281
0.0008358955383300781
0.00040030479431152344
0.000244140625
0.0014083385467529297
0.0008282661437988281
0.000675201416015625
0.0007944107055664062
0.0007195472717285156
0.0003948211669921875
0.0009179115295410156
0.00024056434631347656
0.0007114410400390625
0.0007388591766357422
0.0007109642028808594
0.0007767677307128906
0.0002722740173339844
0.0007653236389160156
0.00024580955505371094
0.0005440711975097656
0.0002701282501220703
0.0003407001495361328
0.0004131793975830078
0.00043582916259765625
0.0006515979766845703
0.0008063316345214844
0.0004029273986816406
0.0008170604705810547
0.0007109642028808594
0.0004074573516845703
0.0007424354553222656
0.0005042552947998047
0.000537872314453125
0.0008127689361572266
0.0004711151123046875
0.0006706714630126953
0.0008521080017089844
0.00039124488830566406
0.0007865428924560547
0.0005822181701660156
0.0006062984466552734
0.0004229545593261719
0.0005218982696533203
0.00043201446533203125
0.0003883838653564453
0.00047588348388671875
0.000507354736328125
0.00043392181396484375
0.0004448890686035156
0.0004973411560058594
0.0005559921264648438
0.0004763603210449219
0.0004227161407470703
0.00048160552978515625
0.0005013942718505859
0.0008146762847900391
0.0005879402160644531
0.027094602584838867
0.0005972385406494141
0.0004267692565917969
0.0005104541778564453
0.00040650367736816406
0.0005261898040771484
0.0005335807800292969
0.0003752708435058594
0.0006103515625
0.0004496574401855469
0.00043010711669921875
0.0006556510925292969
0.0005259513854980469
0.0004413127899169922
0.0006849765777587891
0.0006232261657714844
0.0009641647338867188
0.00042724609375
0.0002567768096923828
0.0006277561187744141
0.0005826950073242188
0.00042438507080078125
0.0002639293670654297
0.0002715587615966797
0.00025177001953125
0.0005509853363037109
0.0005145072937011719
0.00045037269592285156
0.0004608631134033203
0.0005602836608886719
0.0003044605255126953
0.0005176067352294922
0.000438690185546875
0.0005738735198974609
0.0006363391876220703
0.00045180320739746094
0.0007686614990234375
0.00042891502380371094
0.0005190372467041016
0.00041985511779785156
0.0004150867462158203
0.0004298686981201172
0.0004420280456542969
0.0007307529449462891
0.0005202293395996094
0.00048065185546875
0.0005800724029541016
0.0007140636444091797
0.0005090236663818359
0.0004668235778808594
0.0007066726684570312
0.0004646778106689453
0.0006327629089355469
0.00025844573974609375
0.00043702125549316406
0.00041413307189941406
0.001346588134765625
0.00038552284240722656
0.0003643035888671875
0.0003726482391357422
0.0003688335418701172
