0.0003414154052734375
0.0006196498870849609
0.00043392181396484375
0.0002853870391845703
0.00041866302490234375
0.0003409385681152344
0.00030422210693359375
0.0003077983856201172
0.00025916099548339844
0.0002651214599609375
0.00025081634521484375
0.0004184246063232422
0.0007655620574951172
0.00030922889709472656
0.00047898292541503906
0.00025463104248046875
0.0008482933044433594
0.0003204345703125
0.000774383544921875
0.0002307891845703125
0.0008924007415771484
0.001012563705444336
0.0009109973907470703
0.0008924007415771484
0.0002932548522949219
0.0005407333374023438
0.0006160736083984375
0.0003962516784667969
0.0006010532379150391
0.0008983612060546875
0.000339508056640625
0.0002579689025878906
0.0002465248107910156
0.0005114078521728516
0.00048661231994628906
0.0008029937744140625
0.00028061866760253906
0.0008289813995361328
0.0008537769317626953
0.0004401206970214844
0.0005936622619628906
0.0013072490692138672
0.0005204677581787109
0.0007252693176269531
0.000919342041015625
0.0007867813110351562
0.0005438327789306641
0.0005643367767333984
0.0006494522094726562
0.00046753883361816406
0.0003788471221923828
0.0004849433898925781
0.0004162788391113281
0.0004792213439941406
0.0005087852478027344
0.00054168701171875
0.00028586387634277344
0.0005035400390625
0.0004642009735107422
0.0006144046783447266
0.0006566047668457031
0.000415802001953125
0.0006835460662841797
0.0004324913024902344
0.0004131793975830078
0.0006120204925537109
0.0007708072662353516
0.0005681514739990234
0.0008339881896972656
0.0005435943603515625
0.0006487369537353516
0.00102996826171875
0.0008709430694580078
0.0004086494445800781
0.0007128715515136719
0.0006458759307861328
0.000286102294921875
0.0006799697875976562
0.0005013942718505859
0.0037031173706054688
0.0005474090576171875
0.00043654441833496094
0.0006091594696044922
0.0008287429809570312
0.0005056858062744141
0.00047016143798828125
0.0005037784576416016
0.0004425048828125
0.00046253204345703125
0.0002765655517578125
