0.004018306732177734
0.003936767578125
0.004118680953979492
0.00408172607421875
0.0044519901275634766
0.004024982452392578
0.004894256591796875
0.00417780876159668
0.00403285026550293
0.004347085952758789
0.012137651443481445
0.012482643127441406
0.0046117305755615234
0.008420228958129883
0.011523723602294922
0.005644321441650391
0.013329029083251953
0.008805990219116211
0.01048135757446289
0.007924318313598633
0.009961366653442383
0.007535219192504883
0.00891423225402832
0.009923696517944336
0.006165027618408203
0.009090900421142578
0.005726814270019531
0.011542558670043945
0.007949113845825195
0.00901484489440918
0.0093231201171875
0.011696815490722656
0.009356021881103516
0.008015871047973633
0.008924722671508789
0.008247137069702148
0.00885915756225586
0.011741876602172852
0.007829666137695312
0.011084318161010742
0.010048627853393555
0.01298666000366211
0.008980751037597656
0.007019996643066406
0.00821542739868164
0.008792638778686523
0.00925302505493164
0.008109092712402344
0.0077817440032958984
0.023169994354248047
0.059686899185180664
0.008511781692504883
0.00914621353149414
0.00766301155090332
0.021898269653320312
0.007626533508300781
0.009373903274536133
0.008704662322998047
0.018587589263916016
0.010244131088256836
0.007927179336547852
0.010065317153930664
0.010457992553710938
0.004329204559326172
0.0039768218994140625
0.019049406051635742
0.026769161224365234
0.00600743293762207
0.010479927062988281
0.006692647933959961
0.008000373840332031
0.009070158004760742
0.009228944778442383
0.008756160736083984
0.008297920227050781
0.009867429733276367
0.007688283920288086
0.011127471923828125
0.0044002532958984375
