0.016381025314331055
0.013093948364257812
0.013719797134399414
0.011969566345214844
0.012171268463134766
0.012303829193115234
0.012960672378540039
0.012346267700195312
0.013435125350952148
0.012248754501342773
0.10134100914001465
0.02545619010925293
0.013088464736938477
0.02350449562072754
0.025829553604125977
0.02683877944946289
0.012186050415039062
0.026551485061645508
0.02100825309753418
0.019325971603393555
0.015302419662475586
0.025887250900268555
0.026905059814453125
0.025042295455932617
0.017688989639282227
0.015353918075561523
0.02681136131286621
0.02845597267150879
0.01892709732055664
0.022446155548095703
0.03469109535217285
0.012577533721923828
0.025828123092651367
0.02065873146057129
0.012982845306396484
0.023288726806640625
0.025577068328857422
0.023621320724487305
0.024670839309692383
0.025340557098388672
0.028400659561157227
0.02976822853088379
0.024393796920776367
0.028129100799560547
0.03121161460876465
0.03199887275695801
0.022599220275878906
0.03667092323303223
0.022205829620361328
0.022969722747802734
0.021568775177001953
0.025463104248046875
0.10371065139770508
0.04196357727050781
0.03632831573486328
0.05328798294067383
0.028124570846557617
0.03033161163330078
0.03537607192993164
0.04293203353881836
0.05246257781982422
0.05777406692504883
0.02044677734375
0.05582380294799805
0.022725343704223633
0.017673492431640625
0.020118236541748047
0.06163930892944336
0.03424191474914551
0.01573944091796875
0.03524494171142578
0.01704549789428711
0.015333175659179688
0.02810835838317871
0.0554203987121582
0.04472994804382324
0.030488252639770508
0.040162086486816406
0.0325627326965332
0.04522705078125
0.0427403450012207
0.04871654510498047
0.08476948738098145
0.02959442138671875
0.01995062828063965
0.12170219421386719
0.030489206314086914
0.03314542770385742
0.026534318923950195
0.030534029006958008
0.02356266975402832
0.03624367713928223
