0.006045103073120117
0.004808187484741211
0.0059223175048828125
0.003922939300537109
0.0046041011810302734
0.0039081573486328125
0.004357337951660156
0.004024028778076172
0.004242897033691406
0.004040241241455078
0.02894902229309082
0.006598711013793945
0.010529756546020508
0.010951995849609375
0.00912022590637207
0.004700660705566406
0.009224891662597656
0.004599332809448242
0.008749723434448242
0.0072171688079833984
0.012235164642333984
0.0071408748626708984
0.01024627685546875
0.009817123413085938
0.004290342330932617
0.005960941314697266
0.008421182632446289
0.005899667739868164
0.008023500442504883
0.009414434432983398
0.006557941436767578
0.010821819305419922
0.0043506622314453125
0.009161949157714844
0.006890535354614258
0.012987852096557617
0.006259441375732422
0.012654542922973633
0.010692119598388672
0.008385419845581055
0.010494709014892578
0.03360867500305176
0.007454872131347656
0.00749516487121582
0.011644124984741211
0.010426998138427734
0.00883173942565918
0.012953996658325195
0.00823831558227539
0.014920473098754883
0.009287118911743164
0.009569883346557617
0.009377002716064453
0.8162410259246826
0.007742643356323242
0.1690232753753662
0.007191896438598633
0.00876307487487793
0.021825790405273438
0.03181767463684082
0.009286642074584961
0.007216453552246094
0.0071489810943603516
0.027094125747680664
0.004577159881591797
0.010427474975585938
0.010337352752685547
0.011106491088867188
0.020340681076049805
0.027776002883911133
0.008051395416259766
0.007544279098510742
0.00706791877746582
0.008399724960327148
0.009590387344360352
0.15522480010986328
0.004345417022705078
0.009622335433959961
0.00893712043762207
0.013068199157714844
0.009920120239257812
0.006982564926147461
0.008158445358276367
0.012064695358276367
0.008591175079345703
0.00856637954711914
0.00954580307006836
0.008059978485107422
0.005499601364135742
0.008313894271850586
