0.011261224746704102
0.008563518524169922
0.00894308090209961
0.00806283950805664
0.008102893829345703
0.007991313934326172
0.008453130722045898
0.008377790451049805
0.008654594421386719
0.007918834686279297
0.08860087394714355
0.016793012619018555
0.008416891098022461
0.015902996063232422
0.017178058624267578
0.017540693283081055
0.008110523223876953
0.0174863338470459
0.011240720748901367
0.010845422744750977
0.010267972946166992
0.017770767211914062
0.016196727752685547
0.016013622283935547
0.013002157211303711
0.01081705093383789
0.016991615295410156
0.016977787017822266
0.013922452926635742
0.016141176223754883
0.02142047882080078
0.008434295654296875
0.01705455780029297
0.012227058410644531
0.009041786193847656
0.015460968017578125
0.013851642608642578
0.01593327522277832
0.01637578010559082
0.015251874923706055
0.017136812210083008
0.02014899253845215
0.01363992691040039
0.018461942672729492
0.020810365676879883
0.01891636848449707
0.014235258102416992
0.028949499130249023
0.014879465103149414
0.013527870178222656
0.012397050857543945
0.017011404037475586
0.05986356735229492
0.0325014591217041
0.02906203269958496
0.04553675651550293
0.018448829650878906
0.020404577255249023
0.02648162841796875
0.031646728515625
0.04275989532470703
0.037610769271850586
0.01466059684753418
0.030570030212402344
0.014877080917358398
0.012521505355834961
0.013005733489990234
0.039861202239990234
0.023738384246826172
0.011279106140136719
0.025454044342041016
0.011957168579101562
0.010039329528808594
0.020421504974365234
0.046674489974975586
0.023172616958618164
0.022731542587280273
0.029413700103759766
0.024500131607055664
0.03672432899475098
0.02835392951965332
0.027554035186767578
0.048050642013549805
0.01809406280517578
0.014910459518432617
0.08849692344665527
0.02366042137145996
0.025609254837036133
0.018779516220092773
0.021054983139038086
0.007886409759521484
0.02213287353515625
